0 0.474306 0.151852 0.018056 0.033333
0 0.571528 0.152778 0.020833 0.038889
0 0.537500 0.143519 0.016667 0.031481
0 0.402778 0.145370 0.016667 0.031481
0 0.414583 0.148148 0.015278 0.029630
0 0.433333 0.151852 0.013889 0.025926
0 0.450000 0.153704 0.016667 0.029630
0 0.371528 0.153704 0.018056 0.033333
0 0.347917 0.150926 0.015278 0.027778
0 0.329861 0.138889 0.015278 0.029630
0 0.320139 0.146296 0.015278 0.029630
0 0.306250 0.146296 0.015278 0.029630
0 0.293056 0.135185 0.011111 0.018519
0 0.761806 0.156481 0.012500 0.027778
0 0.520833 0.150926 0.019444 0.035185
0 0.364583 0.140741 0.015278 0.029630
0 0.052778 0.117593 0.025000 0.038889