1 0.684545 0.339726 0.234545 0.378082
1 0.948182 0.345205 0.103636 0.219178
1 0.856364 0.328767 0.069091 0.136986
1 0.808182 0.352055 0.041818 0.090411
1 0.575455 0.332877 0.081818 0.172603
1 0.381818 0.282192 0.047273 0.082192
1 0.348182 0.287671 0.034545 0.076712
1 0.274545 0.245205 0.138182 0.205479
1 0.207273 0.263014 0.076364 0.158904
1 0.127273 0.267123 0.036364 0.057534
1 0.096364 0.273973 0.025455 0.054795
1 0.061818 0.265753 0.069091 0.109589
1 0.015455 0.260274 0.027273 0.126027
0 0.471818 0.263014 0.125455 0.246575
0 0.810909 0.258904 0.029091 0.046575
1 0.566364 0.327397 0.067273 0.172603
1 0.020000 0.247945 0.036364 0.079452