1 0.212667 0.729391 0.046667 0.068100
1 0.269333 0.750896 0.045333 0.071685
1 0.588667 0.765233 0.020000 0.028674
1 0.612667 0.767921 0.022667 0.026882
1 0.754667 0.629032 0.016000 0.021505
1 0.779333 0.637993 0.014667 0.021505
1 0.817333 0.695341 0.018667 0.025090
1 0.861333 0.724910 0.016000 0.023297
1 0.883333 0.722222 0.014667 0.025090
1 0.404000 0.356631 0.021333 0.025090
1 0.430000 0.325269 0.020000 0.034050
1 0.470000 0.280466 0.014667 0.023297
1 0.546667 0.252688 0.016000 0.025090
2 0.589333 0.249104 0.016000 0.025090
2 0.616667 0.241039 0.020000 0.026882
2 0.884667 0.257168 0.110667 0.148746