1 0.071970 0.552000 0.043939 0.064000
1 0.144697 0.542000 0.046970 0.064000
1 0.107576 0.511000 0.036364 0.054000
1 0.201515 0.563000 0.039394 0.066000
1 0.244697 0.526000 0.034848 0.064000
1 0.357576 0.549000 0.045455 0.070000
1 0.440909 0.514000 0.045455 0.072000
1 0.528030 0.545000 0.040909 0.070000
1 0.602273 0.532000 0.040909 0.076000
1 0.709848 0.529000 0.046970 0.078000
1 0.816667 0.531000 0.048485 0.086000
1 0.925000 0.519000 0.053030 0.078000
1 0.307576 0.528000 0.039394 0.064000
1 0.372727 0.514000 0.033333 0.056000
1 0.586364 0.517000 0.033333 0.066000
1 0.694697 0.534000 0.040909 0.076000