1 0.423000 0.233308 0.126000 0.130533
1 0.664000 0.215679 0.116000 0.123781
1 0.224000 0.271193 0.142000 0.132783
1 0.084500 0.169917 0.065000 0.051763
1 0.027000 0.181170 0.052000 0.059265
1 0.181000 0.155664 0.056000 0.045761
1 0.928000 0.175544 0.098000 0.090023
1 0.973000 0.208177 0.054000 0.080270
1 0.556500 0.184546 0.065000 0.075019
1 0.613500 0.175544 0.061000 0.051013
1 0.294500 0.151163 0.051000 0.047262
1 0.256000 0.165416 0.060000 0.047262
1 0.269500 0.193173 0.067000 0.062266
1 0.029000 0.262566 0.056000 0.109527
0 0.351500 0.262191 0.089000 0.075769
0 0.807500 0.217179 0.177000 0.173293
0 0.102500 0.236309 0.099000 0.100525
0 0.607000 0.227682 0.068000 0.077269