1 0.023750 0.262542 0.042500 0.083612
1 0.032500 0.255853 0.055000 0.096990
1 0.101250 0.259197 0.047500 0.090301
1 0.171250 0.247492 0.047500 0.093645
1 0.146250 0.250836 0.032500 0.073579
1 0.208750 0.279264 0.037500 0.076923
1 0.237500 0.262542 0.040000 0.070234
1 0.283750 0.262542 0.042500 0.076923
1 0.316250 0.264214 0.027500 0.060201
1 0.347500 0.287625 0.040000 0.073579
1 0.373750 0.270903 0.037500 0.066890
1 0.403750 0.297659 0.037500 0.066890
1 0.436250 0.295987 0.037500 0.063545
1 0.468750 0.287625 0.032500 0.066890
1 0.490000 0.301003 0.035000 0.066890
1 0.536250 0.326087 0.062500 0.096990
1 0.498750 0.250836 0.027500 0.033445
1 0.585000 0.272575 0.030000 0.056856
1 0.620000 0.284281 0.040000 0.060201
1 0.683750 0.306020 0.032500 0.056856
1 0.718750 0.302676 0.037500 0.056856
1 0.790000 0.274247 0.070000 0.113712
1 0.881250 0.299331 0.047500 0.063545
1 0.856250 0.307692 0.027500 0.053512
1 0.937500 0.321070 0.045000 0.073579
1 0.981250 0.324415 0.037500 0.073579