1 0.514545 0.608992 0.021818 0.035422
1 0.440909 0.608992 0.023636 0.035422
0 0.392727 0.579019 0.018182 0.024523
1 0.422727 0.572207 0.023636 0.032698
0 0.374545 0.574932 0.014545 0.021798
1 0.357273 0.570845 0.020000 0.029973
0 0.362727 0.516349 0.012727 0.024523
0 0.479091 0.470027 0.012727 0.019074
0 0.938182 0.347411 0.029091 0.057221
0 0.960000 0.354223 0.036364 0.049046
0 0.960909 0.321526 0.016364 0.027248
0 0.974545 0.316076 0.018182 0.027248
0 0.887273 0.352861 0.021818 0.040872
0 0.909091 0.362398 0.014545 0.032698
0 0.913636 0.341962 0.020000 0.035422
0 0.852727 0.367847 0.021818 0.032698
0 0.839091 0.365123 0.016364 0.032698
0 0.794545 0.382834 0.021818 0.029973
0 0.805455 0.468665 0.021818 0.038147
0 0.820909 0.361035 0.020000 0.035422
0 0.867273 0.359673 0.018182 0.027248