1 0.159091 0.243169 0.056364 0.131148
1 0.210000 0.237705 0.060000 0.136612
1 0.266364 0.203552 0.070909 0.139344
1 0.315455 0.245902 0.056364 0.136612
1 0.358182 0.233607 0.061818 0.161202
1 0.390000 0.255464 0.027273 0.062842
1 0.446364 0.241803 0.067273 0.139344
1 0.520909 0.265027 0.063636 0.131148
1 0.570000 0.200820 0.067273 0.161202
1 0.649091 0.193989 0.040000 0.092896
1 0.682727 0.225410 0.060000 0.128415
1 0.700909 0.157104 0.056364 0.090164
1 0.791818 0.144809 0.052727 0.098361
1 0.812727 0.180328 0.069091 0.125683
0 0.411818 0.390710 0.067273 0.142077