1 0.853125 0.540909 0.131250 0.213636
1 0.157812 0.730682 0.100000 0.129545
1 0.512500 0.253409 0.021875 0.038636
1 0.425000 0.323864 0.021875 0.038636
1 0.407031 0.312500 0.017188 0.034091
1 0.328906 0.488636 0.029687 0.050000
1 0.200781 0.388636 0.029687 0.045455
0 0.566406 0.825000 0.142187 0.227273
0 0.395313 0.676136 0.118750 0.152273
1 0.632031 0.200000 0.014063 0.022727
1 0.491406 0.295455 0.017188 0.027273
0 0.489844 0.430682 0.023438 0.029545
1 0.585938 0.190909 0.018750 0.027273
0 0.092969 0.663636 0.070312 0.109091
0 0.039062 0.637500 0.062500 0.102273
0 0.025000 0.695455 0.046875 0.150000
0 0.407031 0.885227 0.204687 0.229545