0 0.458182 0.642077 0.061818 0.109290
0 0.622727 0.598361 0.060000 0.109290
0 0.697273 0.513661 0.052727 0.087432
0 0.778182 0.565574 0.043636 0.092896
0 0.883636 0.616120 0.069091 0.106557
0 0.918182 0.543716 0.065455 0.098361
0 0.984545 0.460383 0.030909 0.079235
0 0.696364 0.454918 0.040000 0.051913
0 0.745455 0.454918 0.029091 0.057377
0 0.792727 0.418033 0.036364 0.049180
0 0.310000 0.603825 0.070909 0.131148
0 0.158182 0.635246 0.061818 0.112022
0 0.354545 0.581967 0.043636 0.081967
0 0.465455 0.525956 0.040000 0.095628
0 0.439091 0.484973 0.038182 0.068306
0 0.499091 0.449454 0.027273 0.040984