1 0.184500 0.056311 0.083000 0.099029
1 0.279500 0.111165 0.079000 0.090291
1 0.400500 0.060194 0.075000 0.104854
1 0.559500 0.089320 0.081000 0.099029
1 0.717500 0.063107 0.077000 0.099029
1 0.879000 0.086408 0.080000 0.102913
1 0.882500 0.398544 0.087000 0.098058
1 0.671000 0.356796 0.084000 0.113592
1 0.555000 0.397087 0.090000 0.085437
1 0.357500 0.400000 0.089000 0.110680
1 0.195500 0.388835 0.089000 0.107767
1 0.153500 0.695631 0.085000 0.115534
1 0.226000 0.693689 0.066000 0.105825
1 0.374500 0.687379 0.069000 0.095146
1 0.484500 0.700000 0.063000 0.093204
1 0.591500 0.702913 0.075000 0.079612
1 0.700500 0.676699 0.069000 0.091262
1 0.785500 0.726699 0.067000 0.088350
1 0.903000 0.705340 0.068000 0.094175